0
0
0
0
504
711
734
738
747
753
757
754
666
0
0
701
753
716
0
0
0
0
0
750
728
710
703
760
760
674
0
0
0
0
0
0
0
0
0
0
0
0
0
0
472
365
432
313
306
303
301
301
301
302
304
305
306
308
310
311
313
314
316
317
318
321
323
324
414
629
631
617
635
519
475
16
0
0
72
0
0
0
0
219
331
357
376
442
340
0
734
0
0
0
495
251
0
0
0
1
0
285
0
0
0
251
534
284
279
279
277
276
276
276
278
279
283
286
287
289
292
294
294
295
297
298
299
300
300
301
300
299
300
300
301
302
303
306
308
311
312
312
313
313
312
311
313
315
319
320
321
320
319
320
321
323
326
328
330
329
328
327
327
331
334
336
336
335
334
334
336
340
341
341
339
339
341
344
347
347
